<?xml version="1.0" encoding="utf-8"?>
<COLLADA xmlns="http://www.collada.org/2005/11/COLLADASchema" version="1.4.1">
  <asset><contributor><author></author><authoring_tool>FBX COLLADA exporter</authoring_tool><comments></comments></contributor><created>2017-03-07T03:32:49Z</created><keywords></keywords><modified>2017-03-07T03:32:49Z</modified><revision></revision><subject></subject><title></title><unit meter="1.000000" name="centimeter"></unit><up_axis>Y_UP</up_axis></asset>
  <library_materials>
    <material id="Plastic-Orange-8" name="Plastic-Orange-8">
      <instance_effect url="#Plastic-Orange-8-fx"/>
    </material>
  </library_materials>
  <library_effects>
    <effect id="Plastic-Orange-8-fx" name="Plastic-Orange-8">
      <profile_COMMON>
        <technique sid="standard">
          <phong>
            <emission>
              <color sid="emission">0.000000  0.000000 0.000000 1.000000</color>
            </emission>
            <ambient>
              <color sid="ambient">0.200000  0.200000 0.200000 1.000000</color>
            </ambient>
            <diffuse>
              <color sid="diffuse">0.498039  0.498039 0.498039 1.000000</color>
            </diffuse>
            <specular>
              <color sid="specular">0.200000  0.200000 0.200000 1.000000</color>
            </specular>
            <shininess>
              <float sid="shininess">20.000000</float>
            </shininess>
            <reflective>
              <color sid="reflective">0.000000  0.000000 0.000000 1.000000</color>
            </reflective>
            <reflectivity>
              <float sid="reflectivity">1.000000</float>
            </reflectivity>
            <transparent opaque="RGB_ZERO">
              <color sid="transparent">1.000000  1.000000 1.000000 1.000000</color>
            </transparent>
            <transparency>
              <float sid="transparency">0.000000</float>
            </transparency>
          </phong>
        </technique>
      </profile_COMMON>
    </effect>
  </library_effects>
  <library_geometries>
    <geometry id="Original-Entire-Cubesat_ncl1_1-lib" name="Original-Entire-Cubesat_ncl1_1Mesh">
      <mesh>
        <source id="Original-Entire-Cubesat_ncl1_1-POSITION">
          <float_array id="Original-Entire-Cubesat_ncl1_1-POSITION-array" count="264">
0.041500 -0.006921 -0.050000
0.041500 -0.006921 -0.041500
0.041500 0.000000 -0.050000
0.041500 0.000000 -0.041500
0.050000 -0.006921 -0.041500
0.050000 0.000000 -0.041500
0.046825 -0.006921 -0.050000
0.048040 -0.006921 -0.049758
0.050000 -0.006921 -0.046825
0.049070 -0.006921 -0.049070
0.049758 -0.006921 -0.048040
-0.041500 -0.006921 0.050000
-0.041500 -0.006921 0.041500
-0.041500 0.000000 0.050000
-0.041500 0.000000 0.041500
-0.050000 -0.006921 0.041500
-0.050000 0.000000 0.041500
-0.046825 -0.006921 0.050000
-0.048040 -0.006921 0.049758
-0.049070 -0.006921 0.049070
-0.050000 -0.006921 0.046825
-0.049758 -0.006921 0.048040
0.050000 -0.006921 0.041500
0.041500 -0.006921 0.041500
0.050000 0.000000 0.041500
0.041500 0.000000 0.041500
0.041500 -0.006921 0.050000
0.041500 0.000000 0.050000
0.046825 -0.006921 0.050000
0.049758 -0.006921 0.048040
0.048040 -0.006921 0.049758
0.049070 -0.006921 0.049070
0.050000 -0.006921 0.046825
-0.041500 -0.006921 -0.041500
-0.041500 -0.006921 -0.050000
-0.041500 0.000000 -0.041500
-0.041500 0.000000 -0.050000
-0.050000 -0.006921 -0.041500
-0.050000 0.000000 -0.041500
-0.049758 -0.006921 -0.048040
-0.050000 -0.006921 -0.046825
-0.046825 -0.006921 -0.050000
-0.048040 -0.006921 -0.049758
-0.049070 -0.006921 -0.049070
0.041500 0.106922 0.050000
0.041500 0.106922 0.041500
0.041500 0.100000 0.050000
0.041500 0.100000 0.041500
0.050000 0.106922 0.041500
0.050000 0.100000 0.041500
0.046825 0.106922 0.050000
0.048040 0.106922 0.049758
0.050000 0.106922 0.046825
0.049070 0.106922 0.049070
0.049758 0.106922 0.048040
-0.041500 0.106922 -0.050000
-0.041500 0.106922 -0.041500
-0.041500 0.100000 -0.050000
-0.041500 0.100000 -0.041500
-0.050000 0.106922 -0.041500
-0.050000 0.100000 -0.041500
-0.046825 0.106922 -0.050000
-0.048040 0.106922 -0.049758
-0.049070 0.106922 -0.049070
-0.050000 0.106922 -0.046825
-0.049758 0.106922 -0.048040
0.050000 0.106922 -0.041500
0.041500 0.106922 -0.041500
0.050000 0.100000 -0.041500
0.041500 0.100000 -0.041500
0.041500 0.106922 -0.050000
0.041500 0.100000 -0.050000
0.046825 0.106922 -0.050000
0.049758 0.106922 -0.048040
0.048040 0.106922 -0.049758
0.049070 0.106922 -0.049070
0.050000 0.106922 -0.046825
-0.041500 0.106922 0.041500
-0.041500 0.106922 0.050000
-0.041500 0.100000 0.041500
-0.041500 0.100000 0.050000
-0.050000 0.106922 0.041500
-0.050000 0.100000 0.041500
-0.049758 0.106922 0.048040
-0.050000 0.106922 0.046825
-0.046825 0.106922 0.050000
-0.048040 0.106922 0.049758
-0.049070 0.106922 0.049070
</float_array>
          <technique_common>
            <accessor source="#Original-Entire-Cubesat_ncl1_1-POSITION-array" count="88" stride="3">
              <param name="X" type="float"/>
              <param name="Y" type="float"/>
              <param name="Z" type="float"/>
            </accessor>
          </technique_common>
        </source>
        <source id="Original-Entire-Cubesat_ncl1_1-Normal0">
          <float_array id="Original-Entire-Cubesat_ncl1_1-Normal0-array" count="720">
-1.000000 0.000000 -0.000000
-1.000000 0.000000 -0.000000
-1.000000 0.000000 -0.000000
-1.000000 0.000000 -0.000000
-0.000000 0.000000 1.000000
-0.000000 0.000000 1.000000
-0.000000 0.000000 1.000000
-0.000000 0.000000 1.000000
0.000000 -1.000000 0.000000
0.000000 -1.000000 0.000000
0.000000 -1.000000 0.000000
0.000000 -1.000000 0.000000
0.000000 -1.000000 0.000000
0.000000 -1.000000 0.000000
0.000000 -1.000000 0.000000
0.000000 -1.000000 0.000000
1.000000 0.000000 0.000000
1.000000 0.000000 0.000000
1.000000 0.000000 0.000000
1.000000 0.000000 0.000000
0.000000 0.000000 -1.000000
0.000000 0.000000 -1.000000
0.000000 0.000000 -1.000000
0.000000 0.000000 -1.000000
0.000000 -1.000000 0.000000
0.000000 -1.000000 0.000000
0.000000 -1.000000 0.000000
0.000000 -1.000000 0.000000
0.000000 -1.000000 0.000000
0.000000 -1.000000 0.000000
0.000000 -1.000000 0.000000
0.000000 -1.000000 0.000000
-0.000000 0.000000 -1.000000
-0.000000 0.000000 -1.000000
-0.000000 0.000000 -1.000000
-0.000000 0.000000 -1.000000
-1.000000 0.000000 0.000000
-1.000000 0.000000 0.000000
-1.000000 0.000000 0.000000
-1.000000 0.000000 0.000000
0.000000 -1.000000 0.000000
0.000000 -1.000000 0.000000
0.000000 -1.000000 0.000000
0.000000 -1.000000 0.000000
0.000000 -1.000000 0.000000
0.000000 -1.000000 0.000000
0.000000 -1.000000 0.000000
0.000000 -1.000000 0.000000
1.000000 0.000000 0.000000
1.000000 0.000000 0.000000
1.000000 0.000000 0.000000
1.000000 0.000000 0.000000
-0.000000 0.000000 1.000000
-0.000000 0.000000 1.000000
-0.000000 0.000000 1.000000
-0.000000 0.000000 1.000000
0.000000 -1.000000 0.000000
0.000000 -1.000000 0.000000
0.000000 -1.000000 0.000000
0.000000 -1.000000 0.000000
0.000000 -1.000000 0.000000
0.000000 -1.000000 0.000000
0.000000 -1.000000 0.000000
0.000000 -1.000000 0.000000
-1.000000 0.000000 0.000000
-1.000000 0.000000 0.000000
-1.000000 0.000000 0.000000
-1.000000 0.000000 0.000000
-0.000000 0.000000 -1.000000
-0.000000 0.000000 -1.000000
-0.000000 0.000000 -1.000000
-0.000000 0.000000 -1.000000
-0.000000 1.000000 -0.000000
-0.000000 1.000000 -0.000000
-0.000000 1.000000 -0.000000
-0.000000 1.000000 -0.000000
-0.000000 1.000000 -0.000000
-0.000000 1.000000 -0.000000
-0.000000 1.000000 -0.000000
-0.000000 1.000000 -0.000000
1.000000 0.000000 -0.000000
1.000000 0.000000 -0.000000
1.000000 0.000000 -0.000000
1.000000 0.000000 -0.000000
0.000000 0.000000 1.000000
0.000000 0.000000 1.000000
0.000000 0.000000 1.000000
0.000000 0.000000 1.000000
0.000000 1.000000 0.000000
0.000000 1.000000 0.000000
0.000000 1.000000 0.000000
0.000000 1.000000 0.000000
0.000000 1.000000 0.000000
0.000000 1.000000 0.000000
0.000000 1.000000 0.000000
0.000000 1.000000 0.000000
-0.000000 0.000000 1.000000
-0.000000 0.000000 1.000000
-0.000000 0.000000 1.000000
-0.000000 0.000000 1.000000
-1.000000 0.000000 -0.000000
-1.000000 0.000000 -0.000000
-1.000000 0.000000 -0.000000
-1.000000 0.000000 -0.000000
0.000000 1.000000 0.000000
0.000000 1.000000 0.000000
0.000000 1.000000 0.000000
0.000000 1.000000 0.000000
0.000000 1.000000 0.000000
0.000000 1.000000 0.000000
0.000000 1.000000 0.000000
0.000000 1.000000 0.000000
1.000000 0.000000 -0.000000
1.000000 0.000000 -0.000000
1.000000 0.000000 -0.000000
1.000000 0.000000 -0.000000
-0.000000 0.000000 -1.000000
-0.000000 0.000000 -1.000000
-0.000000 0.000000 -1.000000
-0.000000 0.000000 -1.000000
0.000000 1.000000 -0.000000
0.000000 1.000000 -0.000000
0.000000 1.000000 -0.000000
0.000000 1.000000 -0.000000
0.000000 1.000000 -0.000000
0.000000 1.000000 -0.000000
0.000000 1.000000 -0.000000
0.000000 1.000000 -0.000000
0.000000 1.000000 0.000000
0.000000 1.000000 0.000000
0.000000 1.000000 0.000000
0.000000 1.000000 0.000000
0.000000 1.000000 0.000000
0.000000 1.000000 0.000000
0.000000 1.000000 0.000000
0.000000 1.000000 0.000000
0.000000 1.000000 0.000000
0.000000 1.000000 0.000000
0.000000 1.000000 0.000000
0.000000 1.000000 0.000000
-1.000000 0.000000 -0.000000
-1.000000 0.000000 -0.000000
0.000000 0.000000 -1.000000
-0.382683 0.000000 -0.923880
-0.707107 0.000000 -0.707107
-0.923880 0.000000 -0.382683
0.000000 0.000000 -1.000000
-0.923880 0.000000 -0.382683
-0.707107 0.000000 -0.707107
-0.382683 0.000000 -0.923880
0.000000 0.000000 -1.000000
0.000000 0.000000 -1.000000
0.000000 0.000000 -1.000000
0.000000 0.000000 -1.000000
0.000000 0.000000 -1.000000
0.000000 0.000000 -1.000000
0.000000 0.000000 -1.000000
0.000000 0.000000 -1.000000
0.000000 0.000000 -1.000000
0.000000 0.000000 -1.000000
0.000000 0.000000 -1.000000
0.000000 0.000000 -1.000000
0.000000 0.000000 -1.000000
0.000000 0.000000 -1.000000
1.000000 0.000000 0.000000
0.923880 0.000000 -0.382683
0.707107 0.000000 -0.707107
0.382683 0.000000 -0.923880
1.000000 0.000000 0.000000
0.382683 0.000000 -0.923880
0.707107 0.000000 -0.707107
0.923880 0.000000 -0.382683
1.000000 0.000000 0.000000
1.000000 0.000000 0.000000
1.000000 0.000000 0.000000
1.000000 0.000000 0.000000
1.000000 0.000000 0.000000
1.000000 0.000000 0.000000
1.000000 0.000000 0.000000
1.000000 0.000000 0.000000
1.000000 0.000000 0.000000
1.000000 0.000000 0.000000
1.000000 0.000000 0.000000
1.000000 0.000000 0.000000
1.000000 0.000000 0.000000
1.000000 0.000000 -0.000000
0.000000 0.000000 1.000000
0.382683 0.000000 0.923880
0.707107 0.000000 0.707107
0.923880 0.000000 0.382683
0.000000 0.000000 1.000000
0.923880 0.000000 0.382683
0.707107 0.000000 0.707107
0.382683 0.000000 0.923880
0.000000 0.000000 1.000000
0.000000 0.000000 1.000000
0.000000 0.000000 1.000000
0.000000 0.000000 1.000000
0.000000 0.000000 1.000000
0.000000 0.000000 1.000000
0.000000 0.000000 1.000000
0.000000 0.000000 1.000000
0.000000 0.000000 1.000000
0.000000 0.000000 1.000000
0.000000 0.000000 1.000000
0.000000 0.000000 1.000000
-0.000000 0.000000 1.000000
0.000000 0.000000 1.000000
-1.000000 0.000000 0.000000
-0.923880 0.000000 0.382683
-0.707107 0.000000 0.707107
-0.382683 0.000000 0.923880
-1.000000 0.000000 -0.000000
-0.382683 0.000000 0.923880
-0.707107 0.000000 0.707107
-0.923880 0.000000 0.382683
-1.000000 0.000000 0.000000
-1.000000 0.000000 0.000000
-1.000000 0.000000 0.000000
-1.000000 0.000000 0.000000
-1.000000 0.000000 0.000000
-1.000000 0.000000 0.000000
-1.000000 0.000000 0.000000
-1.000000 0.000000 0.000000
-1.000000 0.000000 0.000000
-1.000000 0.000000 0.000000
-1.000000 0.000000 0.000000
-1.000000 0.000000 0.000000
0.000000 -1.000000 0.000000
0.000000 -1.000000 0.000000
0.000000 -1.000000 0.000000
0.000000 -1.000000 0.000000
0.000000 -1.000000 0.000000
0.000000 -1.000000 0.000000
0.000000 -1.000000 0.000000
0.000000 -1.000000 0.000000
0.000000 -1.000000 0.000000
0.000000 -1.000000 0.000000
0.000000 -1.000000 0.000000
0.000000 -1.000000 0.000000
</float_array>
          <technique_common>
            <accessor source="#Original-Entire-Cubesat_ncl1_1-Normal0-array" count="240" stride="3">
              <param name="X" type="float"/>
              <param name="Y" type="float"/>
              <param name="Z" type="float"/>
            </accessor>
          </technique_common>
        </source>
        <source id="Original-Entire-Cubesat_ncl1_1-UV0">
          <float_array id="Original-Entire-Cubesat_ncl1_1-UV0-array" count="480">
0.008500 0.000000
0.000000 0.000000
0.008500 0.006921
0.000000 0.006921
0.008500 0.000000
0.000000 0.000000
0.008500 0.006921
0.000000 0.006921
0.004580 -0.003920
0.004580 0.001405
0.001405 0.004580
0.004339 0.002620
0.003650 0.003650
0.002620 0.004339
-0.003920 0.004580
-0.003920 -0.003920
0.008500 0.000000
0.000000 0.000000
0.008500 0.006921
0.000000 0.006921
0.008500 0.000000
0.000000 0.000000
0.008500 0.006921
0.000000 0.006921
0.003920 -0.004580
0.003920 0.003920
-0.004580 0.003920
-0.004580 -0.001405
-0.001405 -0.004580
-0.004339 -0.002620
-0.003650 -0.003650
-0.002620 -0.004339
0.008500 0.000000
0.000000 0.000000
0.008500 0.006921
0.000000 0.006921
0.008500 0.000000
0.000000 0.000000
0.008500 0.006921
0.000000 0.006921
0.001405 0.004580
0.004580 0.001405
0.002620 0.004339
0.003650 0.003650
0.004339 0.002620
-0.003920 0.004580
-0.003920 -0.003920
0.004580 -0.003920
0.008500 0.000000
0.000000 0.000000
0.008500 0.006921
0.000000 0.006921
0.008500 0.000000
0.000000 0.000000
0.008500 0.006921
0.000000 0.006921
-0.004580 0.003920
0.003920 0.003920
-0.004580 -0.001405
-0.001405 -0.004580
-0.002620 -0.004339
-0.003650 -0.003650
-0.004339 -0.002620
0.003920 -0.004580
0.008500 0.000000
0.000000 0.000000
0.008500 0.006921
0.000000 0.006921
0.008500 0.000000
0.000000 0.000000
0.008500 0.006921
0.000000 0.006921
0.001405 0.004580
-0.003920 0.004580
-0.003920 -0.003920
0.004580 -0.003920
0.004580 0.001405
0.004339 0.002620
0.003650 0.003650
0.002620 0.004339
0.008500 0.000000
0.000000 0.000000
0.008500 0.006921
0.000000 0.006921
0.008500 0.000000
0.000000 0.000000
0.008500 0.006921
0.000000 0.006921
0.003920 -0.004580
0.003920 0.003920
-0.004580 0.003920
-0.004580 -0.001405
-0.001405 -0.004580
-0.004339 -0.002620
-0.003650 -0.003650
-0.002620 -0.004339
0.008500 0.000000
0.000000 0.000000
0.008500 0.006921
0.000000 0.006921
0.008500 0.000000
0.000000 0.000000
0.008500 0.006921
0.000000 0.006921
0.001405 0.004580
0.004580 0.001405
0.002620 0.004339
0.003650 0.003650
0.004339 0.002620
-0.003920 0.004580
-0.003920 -0.003920
0.004580 -0.003920
0.008500 0.000000
0.000000 0.000000
0.008500 0.006921
0.000000 0.006921
0.008500 0.000000
0.000000 0.000000
0.008500 0.006921
0.000000 0.006921
-0.004580 0.003920
0.003920 0.003920
-0.004580 -0.001405
-0.001405 -0.004580
-0.002620 -0.004339
-0.003650 -0.003650
-0.004339 -0.002620
0.003920 -0.004580
0.050000 0.041500
0.041500 0.041500
0.041500 0.050000
-0.041500 0.050000
-0.041500 0.041500
-0.050000 0.041500
-0.050000 -0.041500
-0.041500 -0.041500
-0.041500 -0.050000
0.041500 -0.050000
0.041500 -0.041500
0.050000 -0.041500
1.570796 0.106922
1.570796 -0.006921
0.000000 0.106922
0.392699 0.106922
0.785398 0.106922
1.178097 0.106922
-0.000000 -0.006921
1.178097 -0.006921
0.785398 -0.006921
0.392699 -0.006921
0.005325 0.000000
0.088325 0.000000
0.088325 -0.006921
0.093650 -0.006921
0.093650 0.106922
0.088325 0.106922
0.088325 0.100000
0.005325 0.100000
0.005325 0.106922
-0.000000 0.106922
-0.000000 -0.006921
0.005325 -0.006921
1.570796 -0.006921
1.570796 0.106922
0.000000 0.106922
0.392699 0.106922
0.785398 0.106922
1.178097 0.106922
-0.000000 -0.006921
1.178097 -0.006921
0.785398 -0.006921
0.392699 -0.006921
0.005325 0.000000
0.088325 0.000000
0.088325 -0.006921
0.093650 -0.006921
0.093650 0.106922
0.088325 0.106922
0.088325 0.100000
0.005325 0.100000
0.005325 0.106922
0.000000 0.106922
0.000000 -0.006921
0.005325 -0.006921
1.570796 -0.006921
1.570796 0.106922
0.000000 0.106922
0.392699 0.106922
0.785398 0.106922
1.178097 0.106922
0.000000 -0.006921
1.178097 -0.006921
0.785398 -0.006921
0.392699 -0.006921
0.005325 0.000000
0.088325 0.000000
0.088325 -0.006921
0.093650 -0.006921
0.093650 0.106922
0.088325 0.106922
0.088325 0.100000
0.005325 0.100000
0.005325 0.106922
0.000000 0.106922
0.000000 -0.006921
0.005325 -0.006921
1.570796 -0.006921
1.570796 0.106922
0.000000 0.106922
0.392699 0.106922
0.785398 0.106922
1.178097 0.106922
0.000000 -0.006921
1.178097 -0.006921
0.785398 -0.006921
0.392699 -0.006921
0.005325 0.000000
0.088325 0.000000
0.088325 -0.006921
0.093650 -0.006921
0.093650 0.106922
0.088325 0.106922
0.088325 0.100000
0.005325 0.100000
0.005325 0.106922
-0.000000 0.106922
-0.000000 -0.006921
0.005325 -0.006921
-0.050000 0.041500
-0.041500 0.041500
-0.050000 -0.041500
-0.041500 -0.041500
-0.041500 -0.050000
0.041500 -0.050000
0.041500 -0.041500
0.050000 -0.041500
0.050000 0.041500
0.041500 0.041500
0.041500 0.050000
-0.041500 0.050000
</float_array>
          <technique_common>
            <accessor source="#Original-Entire-Cubesat_ncl1_1-UV0-array" count="240" stride="2">
              <param name="S" type="float"/>
              <param name="T" type="float"/>
            </accessor>
          </technique_common>
        </source>
        <vertices id="Original-Entire-Cubesat_ncl1_1-VERTEX">
          <input semantic="POSITION" source="#Original-Entire-Cubesat_ncl1_1-POSITION"/>
        </vertices>
        <polylist count="172" material="Plastic-Orange-8"><input semantic="VERTEX" offset="0" source="#Original-Entire-Cubesat_ncl1_1-VERTEX"/><input semantic="NORMAL" offset="1" source="#Original-Entire-Cubesat_ncl1_1-Normal0"/><input semantic="TEXCOORD" offset="2" set="0" source="#Original-Entire-Cubesat_ncl1_1-UV0"/><vcount>3 3 3 3 3 3 3 3 3 3 3 3 3 3 3 3 3 3 3 3 3 3 3 3 3 3 3 3 3 3 3 3 3 3 3 3 3 3 3 3 3 3 3 3 3 3 3 3 3 3 3 3 3 3 3 3 3 3 3 3 3 3 3 3 3 3 3 3 3 3 3 3 3 3 3 3 3 3 3 3 3 3 3 3 3 3 3 3 3 3 3 3 3 3 3 3 3 3 3 3 3 3 3 3 3 3 3 3 3 3 3 3 3 3 3 3 3 3 3 3 3 3 3 3 3 3 3 3 3 3 3 3 3 3 3 3 3 3 3 3 3 3 3 3 3 3 3 3 3 3 3 3 3 3 3 3 3 3 3 3 3 3 3 3 3 3 3 3 3 3 3 3 </vcount><p> 0 2 2 1 3 3 2 0 0 3 1 1 2 0 0 1 3 3 1 6 6 4 7 7 3 4 4 5 5 5 3 4 4 4 7 7 0 8 8 6 9 9 1 15 15 7 11 11 1 15 15 6 9 9 7 11 11 8 10 10 1 15 15 4 14 14 1 15 15 8 10 10 9 12 12 10 13 13 7 11 11 8 10 10 7 11 11 10 13 13 11 18 18 12 19 19 13 16 16 14 17 17 13 16 16 12 19 19 12 22 22 15 23 23 14 20 20 16 21 21 14 20 20 15 23 23 11 26 26 17 27 27 12 25 25 18 29 29 12 25 25 17 27 27 18 29 29 19 30 30 20 28 28 21 31 31 20 28 28 19 30 30 18 29 29 20 28 28 12 25 25 15 24 24 12 25 25 20 28 28 22 34 34 23 35 35 24 32 32 25 33 33 24 32 32 23 35 35 23 38 38 26 39 39 25 36 36 27 37 37 25 36 36 26 39 39 26 47 47 23 46 46 28 41 41 29 42 42 28 41 41 23 46 46 30 44 44 28 41 41 31 43 43 29 42 42 31 43 43 28 41 41 29 42 42 23 46 46 32 40 40 22 45 45 32 40 40 23 46 46 33 50 50 34 51 51 35 48 48 36 49 49 35 48 48 34 51 51 37 54 54 33 55 55 38 52 52 35 53 53 38 52 52 33 55 55 39 60 60 33 57 57 40 59 59 37 63 63 40 59 59 33 57 57 34 56 56 33 57 57 41 58 58 39 60 60 41 58 58 33 57 57 41 58 58 39 60 60 42 62 62 43 61 61 42 62 62 39 60 60 44 66 66 45 67 67 46 64 64 47 65 65 46 64 64 45 67 67 45 70 70 48 71 71 47 68 68 49 69 69 47 68 68 48 71 71 44 75 75 50 76 76 45 74 74 51 77 77 45 74 74 50 76 76 51 77 77 52 72 72 45 74 74 48 73 73 45 74 74 52 72 72 53 78 78 54 79 79 51 77 77 52 72 72 51 77 77 54 79 79 55 82 82 56 83 83 57 80 80 58 81 81 57 80 80 56 83 83 56 86 86 59 87 87 58 84 84 60 85 85 58 84 84 59 87 87 55 90 90 61 91 91 56 89 89 62 93 93 56 89 89 61 91 91 62 93 93 63 94 94 64 92 92 65 95 95 64 92 92 63 94 94 62 93 93 64 92 92 56 89 89 59 88 88 56 89 89 64 92 92 66 98 98 67 99 99 68 96 96 69 97 97 68 96 96 67 99 99 67 102 102 70 103 103 69 100 100 71 101 101 69 100 100 70 103 103 70 111 111 67 110 110 72 105 105 73 106 106 72 105 105 67 110 110 74 108 108 72 105 105 75 107 107 73 106 106 75 107 107 72 105 105 73 106 106 67 110 110 76 104 104 66 109 109 76 104 104 67 110 110 77 114 114 78 115 115 79 112 112 80 113 113 79 112 112 78 115 115 81 118 118 77 119 119 82 116 116 79 117 117 82 116 116 77 119 119 83 124 124 77 121 121 84 123 123 81 127 127 84 123 123 77 121 121 78 120 120 77 121 121 85 122 122 83 124 124 85 122 122 77 121 121 85 122 122 83 124 124 86 126 126 87 125 125 86 126 126 83 124 124 69 132 132 57 134 134 58 135 135 57 134 134 69 132 132 71 133 133 58 135 135 47 129 129 69 132 132 47 129 129 58 135 135 79 138 138 60 136 136 79 138 138 58 135 135 79 138 138 60 136 136 82 137 137 80 139 139 46 128 128 79 138 138 47 129 129 79 138 138 46 128 128 49 130 130 68 131 131 47 129 129 69 132 132 47 129 129 68 131 131 39 147 147 64 140 140 65 145 145 64 140 140 39 147 147 40 141 141 41 146 146 42 149 149 61 142 142 62 143 143 61 142 142 42 149 149 63 144 144 42 149 149 43 148 148 42 149 149 63 144 144 62 143 143 43 148 148 39 147 147 63 144 144 65 145 145 63 144 144 39 147 147 0 161 161 2 150 150 6 160 160 70 158 158 72 159 159 71 157 157 6 160 160 2 150 150 72 159 159 71 157 157 72 159 159 2 150 150 57 156 156 2 150 150 36 151 151 2 150 150 57 156 156 71 157 157 55 155 155 57 156 156 61 154 154 61 154 154 57 156 156 41 153 153 36 151 151 41 153 153 57 156 156 34 152 152 41 153 153 36 151 151 72 163 163 74 167 167 6 162 162 7 169 169 6 162 162 74 167 167 8 168 168 10 171 171 76 164 164 73 165 165 76 164 164 10 171 171 10 171 171 9 170 170 73 165 165 75 166 166 73 165 165 9 170 170 9 170 170 7 169 169 75 166 166 74 167 167 75 166 166 7 169 169 22 183 183 24 172 172 32 182 182 48 180 180 52 181 181 49 179 179 32 182 182 24 172 172 52 181 181 49 179 179 52 181 181 24 172 172 66 177 177 68 178 178 76 176 176 4 174 174 8 175 175 5 173 173 68 178 178 5 173 173 76 176 176 8 175 175 76 176 176 5 173 173 49 179 179 24 172 172 68 178 178 5 173 173 68 178 178 24 172 172 52 185 185 54 189 189 32 184 184 29 191 191 32 184 184 54 189 189 28 190 190 30 193 193 50 186 186 51 187 187 50 186 186 30 193 193 30 193 193 31 192 192 51 187 187 53 188 188 51 187 187 31 192 192 31 192 192 29 191 191 53 188 188 54 189 189 53 188 188 29 191 191 13 194 194 46 200 200 80 201 201 46 200 200 13 194 194 27 195 195 11 205 205 13 194 194 17 204 204 17 204 204 13 194 194 85 203 203 80 201 201 85 203 203 13 194 194 78 202 202 85 203 203 80 201 201 44 199 199 46 200 200 50 198 198 26 196 196 28 197 197 27 195 195 46 200 200 27 195 195 50 198 198 28 197 197 50 198 198 27 195 195 85 207 207 86 211 211 17 206 206 18 213 213 17 206 206 86 211 211 20 212 212 83 209 209 84 208 208 83 209 209 20 212 212 21 215 215 21 215 215 19 214 214 83 209 209 87 210 210 83 209 209 19 214 214 86 211 211 19 214 214 18 213 213 19 214 214 86 211 211 87 210 210 37 227 227 38 216 216 40 226 226 38 216 216 60 223 223 40 226 226 64 225 225 40 226 226 60 223 223 59 224 224 64 225 225 60 223 223 81 221 221 82 222 222 84 220 220 82 222 222 16 217 217 84 220 220 20 219 219 84 220 220 16 217 217 15 218 218 20 219 219 16 217 217 60 223 223 38 216 216 82 222 222 16 217 217 82 222 222 38 216 216 24 238 238 25 237 237 5 239 239 3 229 229 5 239 239 25 237 237 36 230 230 2 228 228 35 231 231 3 229 229 35 231 231 2 228 228 35 231 231 14 234 234 16 233 233 16 233 233 38 232 232 35 231 231 3 229 229 25 237 237 14 234 234 14 234 234 35 231 231 3 229 229 13 235 235 14 234 234 25 237 237 25 237 237 27 236 236 13 235 235</p></polylist>
      </mesh>
    </geometry>
  </library_geometries>
  <library_animations>
    <animation id="CameraPreset-anim" name="CameraPreset"><animation><source id="CameraPreset-Matrix-animation-input"><float_array id="CameraPreset-Matrix-animation-input-array" count="361">

0.000000 0.033333 0.066667 0.100000 0.133333 0.166667 0.200000 0.233333 0.266667 0.300000 0.333333 0.366667 0.400000 0.433333 0.466667 0.500000
0.533333 0.566667 0.600000 0.633333 0.666667 0.700000 0.733333 0.766667 0.800000 0.833333 0.866667 0.900000 0.933333 0.966667 1.000000 1.033333
1.066667 1.100000 1.133333 1.166667 1.200000 1.233333 1.266667 1.300000 1.333333 1.366667 1.400000 1.433333 1.466667 1.500000 1.533333 1.566667
1.600000 1.633333 1.666667 1.700000 1.733333 1.766667 1.800000 1.833333 1.866667 1.900000 1.933333 1.966667 2.000000 2.033333 2.066667 2.100000
2.133333 2.166667 2.200000 2.233333 2.266667 2.300000 2.333333 2.366667 2.400000 2.433333 2.466667 2.500000 2.533333 2.566667 2.600000 2.633333
2.666667 2.700000 2.733333 2.766667 2.800000 2.833333 2.866667 2.900000 2.933333 2.966667 3.000000 3.033333 3.066667 3.100000 3.133333 3.166667
3.200000 3.233333 3.266667 3.300000 3.333333 3.366667 3.400000 3.433333 3.466667 3.500000 3.533333 3.566667 3.600000 3.633333 3.666667 3.700000
3.733333 3.766667 3.800000 3.833333 3.866667 3.900000 3.933333 3.966667 4.000000 4.033333 4.066667 4.100000 4.133333 4.166667 4.200000 4.233333
4.266667 4.300000 4.333333 4.366667 4.400000 4.433333 4.466667 4.500000 4.533333 4.566667 4.600000 4.633333 4.666667 4.700000 4.733333 4.766667
4.800000 4.833333 4.866667 4.900000 4.933333 4.966667 5.000000 5.033333 5.066667 5.100000 5.133333 5.166667 5.200000 5.233333 5.266667 5.300000
5.333333 5.366667 5.400000 5.433333 5.466667 5.500000 5.533333 5.566667 5.600000 5.633333 5.666667 5.700000 5.733333 5.766667 5.800000 5.833333
5.866667 5.900000 5.933333 5.966667 6.000000 6.033333 6.066667 6.100000 6.133333 6.166667 6.200000 6.233333 6.266667 6.300000 6.333333 6.366667
6.400000 6.433333 6.466667 6.500000 6.533333 6.566667 6.600000 6.633333 6.666667 6.700000 6.733333 6.766667 6.800000 6.833333 6.866667 6.900000
6.933333 6.966667 7.000000 7.033333 7.066667 7.100000 7.133333 7.166667 7.200000 7.233333 7.266667 7.300000 7.333333 7.366667 7.400000 7.433333
7.466667 7.500000 7.533333 7.566667 7.600000 7.633333 7.666667 7.700000 7.733333 7.766667 7.800000 7.833333 7.866667 7.900000 7.933333 7.966667
8.000000 8.033333 8.066667 8.100000 8.133333 8.166667 8.200000 8.233333 8.266667 8.300000 8.333333 8.366667 8.400000 8.433333 8.466667 8.500000
8.533333 8.566667 8.600000 8.633333 8.666667 8.700000 8.733333 8.766667 8.800000 8.833333 8.866667 8.900000 8.933333 8.966667 9.000000 9.033333
9.066667 9.100000 9.133333 9.166667 9.200000 9.233333 9.266667 9.300000 9.333333 9.366667 9.400000 9.433333 9.466667 9.500000 9.533333 9.566667
9.600000 9.633333 9.666667 9.700000 9.733333 9.766667 9.800000 9.833333 9.866667 9.900000 9.933333 9.966667 10.000000 10.033333 10.066667 10.100000
10.133333 10.166667 10.200000 10.233333 10.266667 10.300000 10.333333 10.366667 10.400000 10.433333 10.466667 10.500000 10.533333 10.566667 10.600000 10.633333
10.666667 10.700000 10.733333 10.766667 10.800000 10.833333 10.866667 10.900000 10.933333 10.966667 11.000000 11.033333 11.066667 11.100000 11.133333 11.166667
11.200000 11.233333 11.266667 11.300000 11.333333 11.366667 11.400000 11.433333 11.466667 11.500000 11.533333 11.566667 11.600000 11.633333 11.666667 11.700000
11.733333 11.766667 11.800000 11.833333 11.866667 11.900000 11.933333 11.966667 12.000000</float_array><technique_common><accessor source="#CameraPreset-Matrix-animation-input-array" count="361"><param name="TIME" type="float"/></accessor></technique_common></source><source id="CameraPreset-Matrix-animation-output-transform"><float_array id="CameraPreset-Matrix-animation-output-transform-array" count="5776">

1.000000 0.000000 0.000000 0.000000 0.000000 1.000000 0.000000 0.001400 0.000000 0.000000 1.000000 0.002000 0.000000 0.000000 0.000000 1.000000
0.999848 0.000000 0.017452 0.000000 0.000000 1.000000 0.000000 0.001400 -0.017452 0.000000 0.999848 0.002000 0.000000 0.000000 0.000000 1.000000
0.999391 0.000000 0.034899 0.000000 0.000000 1.000000 0.000000 0.001400 -0.034899 0.000000 0.999391 0.002000 0.000000 0.000000 0.000000 1.000000
0.998630 0.000000 0.052336 0.000000 0.000000 1.000000 0.000000 0.001400 -0.052336 0.000000 0.998630 0.002000 0.000000 0.000000 0.000000 1.000000
0.997564 0.000000 0.069756 0.000000 0.000000 1.000000 0.000000 0.001400 -0.069756 0.000000 0.997564 0.002000 0.000000 0.000000 0.000000 1.000000
0.996195 0.000000 0.087156 0.000000 0.000000 1.000000 0.000000 0.001400 -0.087156 0.000000 0.996195 0.002000 0.000000 0.000000 0.000000 1.000000
0.994522 0.000000 0.104528 0.000000 0.000000 1.000000 0.000000 0.001400 -0.104528 0.000000 0.994522 0.002000 0.000000 0.000000 0.000000 1.000000
0.992546 0.000000 0.121869 0.000000 0.000000 1.000000 0.000000 0.001400 -0.121869 0.000000 0.992546 0.002000 0.000000 0.000000 0.000000 1.000000
0.990268 0.000000 0.139173 0.000000 0.000000 1.000000 0.000000 0.001400 -0.139173 0.000000 0.990268 0.002000 0.000000 0.000000 0.000000 1.000000
0.987688 0.000000 0.156434 0.000000 0.000000 1.000000 0.000000 0.001400 -0.156434 0.000000 0.987688 0.002000 0.000000 0.000000 0.000000 1.000000
0.984808 0.000000 0.173648 0.000000 0.000000 1.000000 0.000000 0.001400 -0.173648 0.000000 0.984808 0.002000 0.000000 0.000000 0.000000 1.000000
0.981627 0.000000 0.190809 0.000000 0.000000 1.000000 0.000000 0.001400 -0.190809 0.000000 0.981627 0.002000 0.000000 0.000000 0.000000 1.000000
0.978148 0.000000 0.207912 0.000000 0.000000 1.000000 0.000000 0.001400 -0.207912 0.000000 0.978148 0.002000 0.000000 0.000000 0.000000 1.000000
0.974370 0.000000 0.224951 0.000000 0.000000 1.000000 0.000000 0.001400 -0.224951 0.000000 0.974370 0.002000 0.000000 0.000000 0.000000 1.000000
0.970296 0.000000 0.241922 0.000000 0.000000 1.000000 0.000000 0.001400 -0.241922 0.000000 0.970296 0.002000 0.000000 0.000000 0.000000 1.000000
0.965926 0.000000 0.258819 0.000000 0.000000 1.000000 0.000000 0.001400 -0.258819 0.000000 0.965926 0.002000 0.000000 0.000000 0.000000 1.000000
0.961262 0.000000 0.275637 0.000000 0.000000 1.000000 0.000000 0.001400 -0.275637 0.000000 0.961262 0.002000 0.000000 0.000000 0.000000 1.000000
0.956305 0.000000 0.292372 0.000000 0.000000 1.000000 0.000000 0.001400 -0.292372 0.000000 0.956305 0.002000 0.000000 0.000000 0.000000 1.000000
0.951057 0.000000 0.309017 0.000000 0.000000 1.000000 0.000000 0.001400 -0.309017 0.000000 0.951057 0.002000 0.000000 0.000000 0.000000 1.000000
0.945519 0.000000 0.325568 0.000000 0.000000 1.000000 0.000000 0.001400 -0.325568 0.000000 0.945519 0.002000 0.000000 0.000000 0.000000 1.000000
0.939693 0.000000 0.342020 0.000000 0.000000 1.000000 0.000000 0.001400 -0.342020 0.000000 0.939693 0.002000 0.000000 0.000000 0.000000 1.000000
0.933580 0.000000 0.358368 0.000000 0.000000 1.000000 0.000000 0.001400 -0.358368 0.000000 0.933580 0.002000 0.000000 0.000000 0.000000 1.000000
0.927184 0.000000 0.374607 0.000000 0.000000 1.000000 0.000000 0.001400 -0.374607 0.000000 0.927184 0.002000 0.000000 0.000000 0.000000 1.000000
0.920505 0.000000 0.390731 0.000000 0.000000 1.000000 0.000000 0.001400 -0.390731 0.000000 0.920505 0.002000 0.000000 0.000000 0.000000 1.000000
0.913545 0.000000 0.406737 0.000000 0.000000 1.000000 0.000000 0.001400 -0.406737 0.000000 0.913545 0.002000 0.000000 0.000000 0.000000 1.000000
0.906308 0.000000 0.422618 0.000000 0.000000 1.000000 0.000000 0.001400 -0.422618 0.000000 0.906308 0.002000 0.000000 0.000000 0.000000 1.000000
0.898794 0.000000 0.438371 0.000000 0.000000 1.000000 0.000000 0.001400 -0.438371 0.000000 0.898794 0.002000 0.000000 0.000000 0.000000 1.000000
0.891007 0.000000 0.453990 0.000000 0.000000 1.000000 0.000000 0.001400 -0.453990 0.000000 0.891007 0.002000 0.000000 0.000000 0.000000 1.000000
0.882948 0.000000 0.469472 0.000000 0.000000 1.000000 0.000000 0.001400 -0.469472 0.000000 0.882948 0.002000 0.000000 0.000000 0.000000 1.000000
0.874620 0.000000 0.484810 0.000000 0.000000 1.000000 0.000000 0.001400 -0.484810 0.000000 0.874620 0.002000 0.000000 0.000000 0.000000 1.000000
0.866025 0.000000 0.500000 0.000000 0.000000 1.000000 0.000000 0.001400 -0.500000 0.000000 0.866025 0.002000 0.000000 0.000000 0.000000 1.000000
0.857167 0.000000 0.515038 0.000000 0.000000 1.000000 0.000000 0.001400 -0.515038 0.000000 0.857167 0.002000 0.000000 0.000000 0.000000 1.000000
0.848048 0.000000 0.529919 0.000000 0.000000 1.000000 0.000000 0.001400 -0.529919 0.000000 0.848048 0.002000 0.000000 0.000000 0.000000 1.000000
0.838671 0.000000 0.544639 0.000000 0.000000 1.000000 0.000000 0.001400 -0.544639 0.000000 0.838671 0.002000 0.000000 0.000000 0.000000 1.000000
0.829038 0.000000 0.559193 0.000000 0.000000 1.000000 0.000000 0.001400 -0.559193 0.000000 0.829038 0.002000 0.000000 0.000000 0.000000 1.000000
0.819152 0.000000 0.573576 0.000000 0.000000 1.000000 0.000000 0.001400 -0.573576 0.000000 0.819152 0.002000 0.000000 0.000000 0.000000 1.000000
0.809017 0.000000 0.587785 0.000000 0.000000 1.000000 0.000000 0.001400 -0.587785 0.000000 0.809017 0.002000 0.000000 0.000000 0.000000 1.000000
0.798636 0.000000 0.601815 0.000000 0.000000 1.000000 0.000000 0.001400 -0.601815 0.000000 0.798636 0.002000 0.000000 0.000000 0.000000 1.000000
0.788011 0.000000 0.615661 0.000000 0.000000 1.000000 0.000000 0.001400 -0.615661 0.000000 0.788011 0.002000 0.000000 0.000000 0.000000 1.000000
0.777146 0.000000 0.629320 0.000000 0.000000 1.000000 0.000000 0.001400 -0.629320 0.000000 0.777146 0.002000 0.000000 0.000000 0.000000 1.000000
0.766044 0.000000 0.642788 0.000000 0.000000 1.000000 0.000000 0.001400 -0.642788 0.000000 0.766044 0.002000 0.000000 0.000000 0.000000 1.000000
0.754710 0.000000 0.656059 0.000000 0.000000 1.000000 0.000000 0.001400 -0.656059 0.000000 0.754710 0.002000 0.000000 0.000000 0.000000 1.000000
0.743145 0.000000 0.669131 0.000000 0.000000 1.000000 0.000000 0.001400 -0.669131 0.000000 0.743145 0.002000 0.000000 0.000000 0.000000 1.000000
0.731354 0.000000 0.681998 0.000000 0.000000 1.000000 0.000000 0.001400 -0.681998 0.000000 0.731354 0.002000 0.000000 0.000000 0.000000 1.000000
0.719340 0.000000 0.694658 0.000000 0.000000 1.000000 0.000000 0.001400 -0.694658 0.000000 0.719340 0.002000 0.000000 0.000000 0.000000 1.000000
0.707107 0.000000 0.707107 0.000000 0.000000 1.000000 0.000000 0.001400 -0.707107 0.000000 0.707107 0.002000 0.000000 0.000000 0.000000 1.000000
0.694658 0.000000 0.719340 0.000000 0.000000 1.000000 0.000000 0.001400 -0.719340 0.000000 0.694658 0.002000 0.000000 0.000000 0.000000 1.000000
0.681998 0.000000 0.731354 0.000000 0.000000 1.000000 0.000000 0.001400 -0.731354 0.000000 0.681998 0.002000 0.000000 0.000000 0.000000 1.000000
0.669131 0.000000 0.743145 0.000000 0.000000 1.000000 0.000000 0.001400 -0.743145 0.000000 0.669131 0.002000 0.000000 0.000000 0.000000 1.000000
0.656059 0.000000 0.754710 0.000000 0.000000 1.000000 0.000000 0.001400 -0.754710 0.000000 0.656059 0.002000 0.000000 0.000000 0.000000 1.000000
0.642788 0.000000 0.766044 0.000000 0.000000 1.000000 0.000000 0.001400 -0.766044 0.000000 0.642788 0.002000 0.000000 0.000000 0.000000 1.000000
0.629320 0.000000 0.777146 0.000000 0.000000 1.000000 0.000000 0.001400 -0.777146 0.000000 0.629320 0.002000 0.000000 0.000000 0.000000 1.000000
0.615661 0.000000 0.788011 0.000000 0.000000 1.000000 0.000000 0.001400 -0.788011 0.000000 0.615661 0.002000 0.000000 0.000000 0.000000 1.000000
0.601815 0.000000 0.798636 0.000000 0.000000 1.000000 0.000000 0.001400 -0.798636 0.000000 0.601815 0.002000 0.000000 0.000000 0.000000 1.000000
0.587785 0.000000 0.809017 0.000000 0.000000 1.000000 0.000000 0.001400 -0.809017 0.000000 0.587785 0.002000 0.000000 0.000000 0.000000 1.000000
0.573576 0.000000 0.819152 0.000000 0.000000 1.000000 0.000000 0.001400 -0.819152 0.000000 0.573576 0.002000 0.000000 0.000000 0.000000 1.000000
0.559193 0.000000 0.829038 0.000000 0.000000 1.000000 0.000000 0.001400 -0.829038 0.000000 0.559193 0.002000 0.000000 0.000000 0.000000 1.000000
0.544639 0.000000 0.838671 0.000000 0.000000 1.000000 0.000000 0.001400 -0.838671 0.000000 0.544639 0.002000 0.000000 0.000000 0.000000 1.000000
0.529919 0.000000 0.848048 0.000000 0.000000 1.000000 0.000000 0.001400 -0.848048 0.000000 0.529919 0.002000 0.000000 0.000000 0.000000 1.000000
0.515038 0.000000 0.857167 0.000000 0.000000 1.000000 0.000000 0.001400 -0.857167 0.000000 0.515038 0.002000 0.000000 0.000000 0.000000 1.000000
0.500000 0.000000 0.866025 0.000000 0.000000 1.000000 0.000000 0.001400 -0.866025 0.000000 0.500000 0.002000 0.000000 0.000000 0.000000 1.000000
0.484810 0.000000 0.874620 0.000000 0.000000 1.000000 0.000000 0.001400 -0.874620 0.000000 0.484810 0.002000 0.000000 0.000000 0.000000 1.000000
0.469472 0.000000 0.882948 0.000000 0.000000 1.000000 0.000000 0.001400 -0.882948 0.000000 0.469472 0.002000 0.000000 0.000000 0.000000 1.000000
0.453990 0.000000 0.891007 0.000000 0.000000 1.000000 0.000000 0.001400 -0.891007 0.000000 0.453990 0.002000 0.000000 0.000000 0.000000 1.000000
0.438371 0.000000 0.898794 0.000000 0.000000 1.000000 0.000000 0.001400 -0.898794 0.000000 0.438371 0.002000 0.000000 0.000000 0.000000 1.000000
0.422618 0.000000 0.906308 0.000000 0.000000 1.000000 0.000000 0.001400 -0.906308 0.000000 0.422618 0.002000 0.000000 0.000000 0.000000 1.000000
0.406737 0.000000 0.913545 0.000000 0.000000 1.000000 0.000000 0.001400 -0.913545 0.000000 0.406737 0.002000 0.000000 0.000000 0.000000 1.000000
0.390731 0.000000 0.920505 0.000000 0.000000 1.000000 0.000000 0.001400 -0.920505 0.000000 0.390731 0.002000 0.000000 0.000000 0.000000 1.000000
0.374607 0.000000 0.927184 0.000000 0.000000 1.000000 0.000000 0.001400 -0.927184 0.000000 0.374607 0.002000 0.000000 0.000000 0.000000 1.000000
0.358368 0.000000 0.933580 0.000000 0.000000 1.000000 0.000000 0.001400 -0.933580 0.000000 0.358368 0.002000 0.000000 0.000000 0.000000 1.000000
0.342020 0.000000 0.939693 0.000000 0.000000 1.000000 0.000000 0.001400 -0.939693 0.000000 0.342020 0.002000 0.000000 0.000000 0.000000 1.000000
0.325568 0.000000 0.945519 0.000000 0.000000 1.000000 0.000000 0.001400 -0.945519 0.000000 0.325568 0.002000 0.000000 0.000000 0.000000 1.000000
0.309017 0.000000 0.951057 0.000000 0.000000 1.000000 0.000000 0.001400 -0.951057 0.000000 0.309017 0.002000 0.000000 0.000000 0.000000 1.000000
0.292372 0.000000 0.956305 0.000000 0.000000 1.000000 0.000000 0.001400 -0.956305 0.000000 0.292372 0.002000 0.000000 0.000000 0.000000 1.000000
0.275637 0.000000 0.961262 0.000000 0.000000 1.000000 0.000000 0.001400 -0.961262 0.000000 0.275637 0.002000 0.000000 0.000000 0.000000 1.000000
0.258819 0.000000 0.965926 0.000000 0.000000 1.000000 0.000000 0.001400 -0.965926 0.000000 0.258819 0.002000 0.000000 0.000000 0.000000 1.000000
0.241922 0.000000 0.970296 0.000000 0.000000 1.000000 0.000000 0.001400 -0.970296 0.000000 0.241922 0.002000 0.000000 0.000000 0.000000 1.000000
0.224951 0.000000 0.974370 0.000000 0.000000 1.000000 0.000000 0.001400 -0.974370 0.000000 0.224951 0.002000 0.000000 0.000000 0.000000 1.000000
0.207912 0.000000 0.978148 0.000000 0.000000 1.000000 0.000000 0.001400 -0.978148 0.000000 0.207912 0.002000 0.000000 0.000000 0.000000 1.000000
0.190809 0.000000 0.981627 0.000000 0.000000 1.000000 0.000000 0.001400 -0.981627 0.000000 0.190809 0.002000 0.000000 0.000000 0.000000 1.000000
0.173648 0.000000 0.984808 0.000000 0.000000 1.000000 0.000000 0.001400 -0.984808 0.000000 0.173648 0.002000 0.000000 0.000000 0.000000 1.000000
0.156434 0.000000 0.987688 0.000000 0.000000 1.000000 0.000000 0.001400 -0.987688 0.000000 0.156434 0.002000 0.000000 0.000000 0.000000 1.000000
0.139173 0.000000 0.990268 0.000000 0.000000 1.000000 0.000000 0.001400 -0.990268 0.000000 0.139173 0.002000 0.000000 0.000000 0.000000 1.000000
0.121869 0.000000 0.992546 0.000000 0.000000 1.000000 0.000000 0.001400 -0.992546 0.000000 0.121869 0.002000 0.000000 0.000000 0.000000 1.000000
0.104528 0.000000 0.994522 0.000000 0.000000 1.000000 0.000000 0.001400 -0.994522 0.000000 0.104528 0.002000 0.000000 0.000000 0.000000 1.000000
0.087156 0.000000 0.996195 0.000000 0.000000 1.000000 0.000000 0.001400 -0.996195 0.000000 0.087156 0.002000 0.000000 0.000000 0.000000 1.000000
0.069756 0.000000 0.997564 0.000000 0.000000 1.000000 0.000000 0.001400 -0.997564 0.000000 0.069756 0.002000 0.000000 0.000000 0.000000 1.000000
0.052336 0.000000 0.998630 0.000000 0.000000 1.000000 0.000000 0.001400 -0.998630 0.000000 0.052336 0.002000 0.000000 0.000000 0.000000 1.000000
